1 Fp1 33 67
2 Fpz 32 66
3 Fp2 31 65
4 F7 30 64
5 F3 29 63
6 Fz 28 62
7 F4 27 61
8 F8 26 60
9 FC5 25 59
10 FC1 24 58
11 FC2 23 57
12 FC6 22 56
13 M1 21 55
14 T7 20 54
15 C3 19 53
16 Cz 18 52
17 C4 17 51
18 T8 16 50
19 M2 15 49
20 CP5 14 48
21 CP1 13 47
22 CP2 12 46
23 CP6 11 45
24 P7 10 44
25 P3 9 43
26 Pz 8 42
27 P4 7 41
28 P8 6 40
29 POz 5 39
30 O1 4 38
31 O2 3 37
32 EOG 2 36
33 AF7 33 67
34 AF3 32 66
35 AF4 31 65
36 AF8 30 64
37 F5 29 63
38 F1 28 62
39 F2 27 61
40 F6 26 60
41 FC3 25 59
42 FCz 24 58
43 FC4 23 57
44 C5 22 56
45 C1 21 55
46 C2 20 54
47 C6 19 53
48 CP3 18 52
49 CP4 17 51
50 P5 16 50
51 P1 15 49
52 P2 14 48
53 P6 13 47
54 PO5 12 46
55 PO3 11 45
56 PO4 10 44
57 PO6 9 43
58 FT7 8 42
59 FT8 7 41
60 TP7 6 40
61 TP8 5 39
62 PO7 4 38
63 PO8 3 37
64 Oz 2 36
