
#Type:
ERsP
#fSample:
100.000000
#detrend:
1
#isbadch: (1x3)
0 0 0 


#spatialfilter: (0x0)
[]

#spectralfilt: (1x0)
[]

#outsz:
[]

#timeIdx: (1x0)
[]

#welch_taper: (1x64)
0.00233555 0.00932038 0.0208893 0.0369342 0.0573054 0.0818127 0.110227 0.142284 0.177683 0.216094 0.257158 0.300493 0.345693 0.392337 0.439989 0.488203 0.536531 0.58452 0.631723 0.677698 0.722017 0.764266 0.804051 0.840999 0.874766 0.905037 0.931529 0.953994 0.972224 0.986047 0.995334 1 1 0.995334 0.986047 0.972224 0.953994 0.931529 0.905037 0.874766 0.840999 0.804051 0.764266 0.722017 0.677698 0.631723 0.58452 0.536531 0.488203 0.439989 0.392337 0.345693 0.300493 0.257158 0.216094 0.177683 0.142284 0.110227 0.0818127 0.0573054 0.0369342 0.0208893 0.00932038 0.00233555 

#welchAveType:
amp

#freqIdx: (1x0)
[]

#subProbDesc: (1x1)
alpha 


#W: (3x33x1)


0	0	0	0	0	0.125	0.125	0.125	0.125	0	0	0	0	0	0	0	0	0	0	0	0	0	0	0	0	0	0	0	0	0	0	0	0
0	0	0	0	0	0.125	0.125	0.125	0.125	0	0	0	0	0	0	0	0	0	0	0	0	0	0	0	0	0	0	0	0	0	0	0	0
0	0	0	0	0	0	0	0	0	0	0	0	0	0	0	0	0	0	0	0	0	0	0	0	0	0	0	0	0	0	0	0	0


#b: (1x1)
0 