Cz	   0	   0
FCz  23	  90
3	  23	  30
4	  23	 -30
CPz  23	 -90
6	 -23	  30
7	 -23	 -30
Fz	  46	  90
9	  46	  66
FC4  46	  33
C4	  46	   0
CP4  46	 -33
13	  46	 -66
Pz	  46	 -90
15	 -46	  66
CP3 -46	  33
C3	 -46	   0
FC3 -46	 -33
19	 -46	 -66
AFz  69	  90
AF1  69	  66
F6	  69	  42
FC6  69	  18
24	  69	  -6
25	  69	 -30
26	  69	 -54
27	  69	 -78
28	 -69	  78
29	 -69	  54
30	 -69	  30
31	 -69	   6
FC5 -69	 -18
F5	 -69	 -42
AF3 -69	 -66
FPz  92	  90
FP2  92	  68
37	  92	  45
38	  92	  22
T8	  92	   0
40	  92	 -22
41	  92	 -45
42	  92	 -68
Oz	  92	 -90
44	 -92	  68
45	 -92	  45
46	 -92	  22
T7	 -92	   0
48	 -92	 -22
49	 -92	 -45
FP1 -92	 -68
F10 115	  35
52	 115	  10
TP10 115	 -15
54	 115	 -40
55	 115	 -65
Iz	 115	 -90
57	-115	  65
58	-115	  40
TP9 -115	  15
60	-115	 -10
F9	-115	 -35
