Fp1 -0.269228 0.857542 0.358971
Fp2 0.269228 0.857542 0.358971
F3 -0.468656 0.618228 0.797713
F4 0.468656 0.618228 0.797713
C3 -0.608256 0.000000 0.967227
C4 0.608256 0.000000 0.967227
P3 -0.468656 -0.618228 0.797713
P4 0.468656 -0.618228 0.797713
O1 -0.269228 -0.857542 0.358971
O2 0.269228 -0.857542 0.358971
F7 -0.668085 0.518514 0.358971
F8 0.668085 0.518514 0.358971
T7 -0.777770 0.000000 0.358971
T8 0.777770 0.000000 0.358971
P7 -0.668085 -0.518514 0.358971
P8 0.668085 -0.518514 0.358971
Fz 0.000000 0.668085 0.947284
Cz 0.000000 0.000000 1.196570
Pz 0.000000 -0.668085 0.947284
F1 -0.239314 0.648142 0.897427
F2 0.239314 0.648142 0.897427
FC1 -0.299142 0.329057 1.096856
FC2 0.299142 0.329057 1.096856
C1 -0.339028 0.000000 1.156684
C2 0.339028 0.000000 1.156684
CP1 -0.299142 -0.319085 1.096856
CP2 0.299142 -0.319085 1.096856
P1 -0.239314 -0.648142 0.897427
P2 0.239314 -0.648142 0.897427
AF3 -0.339028 0.797713 0.638171
AF4 0.339028 0.797713 0.638171
FC3 -0.548428 0.319085 0.937313
FC4 0.548428 0.319085 0.937313
CP3 -0.528485 -0.319085 0.937313
CP4 0.528485 -0.319085 0.937313
P3P -0.339028 -0.787742 0.638171
P4P 0.339028 -0.787742 0.638171
F5 -0.578342 0.588313 0.578342
F6 0.578342 0.588313 0.578342
FC5 -0.678056 0.309114 0.628199
FC6 0.678056 0.309114 0.628199
C5 -0.737885 0.000000 0.668085
C6 0.737885 0.000000 0.668085
CP5 -0.717942 -0.269228 0.658113
CP6 0.717942 -0.269228 0.658113
P5 -0.578342 -0.588313 0.578342
P6 0.578342 -0.588313 0.578342
AF7 -0.498571 0.717942 0.358971
AF8 0.498571 0.717942 0.358971
FT7 -0.757828 0.279200 0.358971
FT8 0.757828 0.279200 0.358971
TP7 -0.757828 -0.279200 0.358971
TP8 0.757828 -0.279200 0.358971
P7P -0.498571 -0.717942 0.358971
P8P 0.498571 -0.717942 0.358971
F9 -0.598285 0.478628 0.000000
F10 0.598285 0.478628 0.000000
FT9 -0.688028 0.249285 0.000000
FT10 0.688028 0.249285 0.000000
TP9 -0.727913 -0.249285 0.000000
TP10 0.727913 -0.249285 0.000000
P9 -0.628199 -0.478628 0.000000
P10 0.628199 -0.478628 0.000000
O9a -0.468656 -0.668085 0.000000
O10a 0.468656 -0.668085 0.000000
O9 -0.249285 -0.797713 0.000000
O10 0.249285 -0.797713 0.000000
Fpz 0.000000 0.897427 0.358971
AFz 0.000000 0.827627 0.688028
FCz 0.000000 0.339028 1.126770
CPz 0.000000 -0.339028 1.126770
PzP 0.000000 -0.827627 0.688028
Oz 0.000000 -0.897427 0.358971
Iz 0.000000 -0.857542 0.000000
