
#Type:
ERsP
#fSample:
220.000000
#detrend:
1
#isbadch: (1x4)
0 0 0 0 

#spatialfilter: (3x4) # [ nout x nin ]
# This is basically a re-reference to the average of the temporal electrodes
# (FP1+FP1)/2 - (TP1+TP2)/2
-.5 .5 .5 -.5
# FP1 - (TP1+TP2)/2
-.5 1 0 -.5
# FP2 - (TP1+TP2)/2
-.5 0 1 -.5


#spectralfilt: (1x0)
[]

#outsz:
[]

#timeIdx: (1x0)
[]

#welch_taper: (1x128)
0.00059306 0.00237083 0.00532911 0.00946086 0.0147563 0.0212028 0.0287852 0.0374855 0.0472829 0.0581543 0.0700739 0.0830134 0.0969421 0.111827 0.127633 0.144322 0.161855 0.18019 0.199284 0.219092 0.239565 0.260657 0.282317 0.304493 0.327133 0.350183 0.373589 0.397294 0.421244 0.44538 0.469647 0.493985 0.518338 0.542647 0.566856 0.590906 0.614741 0.638303 0.661538 0.68439 0.706805 0.728729 0.750111 0.7709 0.791047 0.810503 0.829223 0.847163 0.864279 0.880531 0.895881 0.910292 0.92373 0.936164 0.947562 0.9579 0.967151 0.975295 0.982312 0.988184 0.992899 0.996446 0.998814 1 1 0.998814 0.996446 0.992899 0.988184 0.982312 0.975295 0.967151 0.9579 0.947562 0.936164 0.92373 0.910292 0.895881 0.880531 0.864279 0.847163 0.829223 0.810503 0.791047 0.7709 0.750111 0.728729 0.706805 0.68439 0.661538 0.638303 0.614741 0.590906 0.566856 0.542647 0.518338 0.493985 0.469647 0.44538 0.421244 0.397294 0.373589 0.350183 0.327133 0.304493 0.282317 0.260657 0.239565 0.219092 0.199284 0.18019 0.161855 0.144322 0.127633 0.111827 0.0969421 0.0830134 0.0700739 0.0581543 0.0472829 0.0374855 0.0287852 0.0212028 0.0147563 0.00946086 0.00532911 0.00237083 0.00059306 

#welchAveType:
amp

#freqIdx: (1x0)
[]

#subProbDesc: (1x4)
theta badness badChL badChR


#W: (4x65x5)
# N.B. we use 128 sample windows @220 hz = 222/128Hz bins = 1.7hz bins.
# Freq bins:
#   1    2   3    4     5   6     7     8     9    10     11    12    13   14    15     16
# 0.00 1.72 3.44 5.16 6.88 8.59 10.31 12.03 13.75 15.47 17.19 18.91 20.62 22.34 24.06 25.78

#1  2   3   4   5   6   7   8   9   10  11  12  13  14  15  16  17
# theta
0	0	.33	.33	.33	0	0	0	0	0	0	0	0	0	0	0	0	0	0	0	0	0	0	0	0	0	0	0	0	0	0	0	0	0	0	0	0	0	0	0	0	0	0	0	0	0	0	0	0	0	0	0	0	0	0	0	0	0	0	0	0	0	0	0	0
0	0	0	0	0	0	0	0	0	0	0	0	0	0	0	0	0	0	0	0	0	0	0	0	0	0	0	0	0	0	0	0	0	0	0	0	0	0	0	0	0	0	0	0	0	0	0	0	0	0	0	0	0	0	0	0	0	0	0	0	0	0	0	0	0
0	0	0	0	0	0	0	0	0	0	0	0	0	0	0	0	0	0	0	0	0	0	0	0	0	0	0	0	0	0	0	0	0	0	0	0	0	0	0	0	0	0	0	0	0	0	0	0	0	0	0	0	0	0	0	0	0	0	0	0	0	0	0	0	0


# artifacts
0	20	20	20	10	5	0	0	0	0	0	0	0	0	0	0	0	0	0	0	0	0	0	0	0	0	0	0	0	0	0	0	0	0.5	0.5	0.5	0.5	0.5	0.5	0.5	0.5	0.5	0.5	0.5	0.5	0.5	0.5	0.5	0.5	0.5	0.5	0.5	0.5	0.5	0.5	0.5	0.5	0.5	0.25	0	0	0	0	0	0
0	0	0	0	0	0	0	0	0	0	0	0	0	0	0	0	0	0	0	0	0	0	0	0	0	0	0	0	0	0	0	0	0	0	0	0	0	0	0	0	0	0	0	0	0	0	0	0	0	0	0	0	0	0	0	0	0	0	0	0	0	0	0	0	0
0	0	0	0	0	0	0	0	0	0	0	0	0	0	0	0	0	0	0	0	0	0	0	0	0	0	0	0	0	0	0	0	0	0	0	0	0	0	0	0	0	0	0	0	0	0	0	0	0	0	0	0	0	0	0	0	0	0	0	0	0	0	0	0	0


# FP1
0	0	0	0	0	0	0	0	0	0	0	0	0	0	0	0	0	0	0	0	0	0	0	0	0	0	0	0	0	0	0	0	0	0	0	0	0	0	0	0	0	0	0	0	0	0	0	0	0	0	0	0	0	0	0	0	0	0	0	0	0	0	0	0	0
0	0	.037	.037	.037	.037	.037	.037	.037	.037	.037	.037	.037	.037	.037	.037	.037	.037	.037	.037	.037	.037	.037	.037	.037	.037	.037	.037	.037	0	0	0	0	0	0	0	0	0	0	0	0	0	0	0	0	0	0	0	0	0	0	0	0	0	0	0	0	0	0	0	0	0	0	0	0
0	0	0	0	0	0	0	0	0	0	0	0	0	0	0	0	0	0	0	0	0	0	0	0	0	0	0	0	0	0	0	0	0	0	0	0	0	0	0	0	0	0	0	0	0	0	0	0	0	0	0	0	0	0	0	0	0	0	0	0	0	0	0	0	0


# FP2
0	0	0	0	0	0	0	0	0	0	0	0	0	0	0	0	0	0	0	0	0	0	0	0	0	0	0	0	0	0	0	0	0	0	0	0	0	0	0	0	0	0	0	0	0	0	0	0	0	0	0	0	0	0	0	0	0	0	0	0	0	0	0	0	0
0	0	0	0	0	0	0	0	0	0	0	0	0	0	0	0	0	0	0	0	0	0	0	0	0	0	0	0	0	0	0	0	0	0	0	0	0	0	0	0	0	0	0	0	0	0	0	0	0	0	0	0	0	0	0	0	0	0	0	0	0	0	0	0	0
0	0	.037	.037	.037	.037	.037	.037	.037	.037	.037	.037	.037	.037	.037	.037	.037	.037	.037	.037	.037	.037	.037	.037	.037	.037	.037	.037	.037	0	0	0	0	0	0	0	0	0	0	0	0	0	0	0	0	0	0	0	0	0	0	0	0	0	0	0	0	0	0	0	0	0	0	0	0



#b: (1x4)
0 0 0 0
